"contrast","state","gene","mean_response","rms_response","direction"
"T1D-control","beta_major","INS",-1.63336214257524,1.63537244507786,"down"
"T1D-control","duct_major","TFPI2",-1.59862030106385,1.61455727146579,"down"
"T1D-control","duct_major","SPP1",-0.414721321844981,1.50660707043082,"down"
"T1D-control","duct_major","PPY",1.18159613653424,1.44308417812897,"up"
"T1D-control","duct_major","IL32",1.28987461193622,1.4274717819121,"up"
"T1D-control","duct_major","CXCL6",1.36993156425775,1.40751438580831,"up"
"T1D-control","acinar","LYZ",1.25602589136338,1.33356321703157,"up"
"T1D-control","beta_major","PPY",1.14688744566713,1.28584635893916,"up"
"T1D-control","duct_major","CCL2",1.13959125658485,1.23610107834438,"up"
"T1D-control","duct_major","CXCL8",1.08202602936143,1.20057746197868,"up"
"T1D-control","duct_major","FGFBP1",-1.15058945459836,1.18134086397089,"down"
"T1D-control","duct_major","KRT8",-1.1574165983371,1.17832187977968,"down"
"T1D-control","acinar","LGALS2",1.0204979829897,1.14492277425527,"up"
"T1D-control","acinar","MT1H",1.06535568734558,1.13371694380193,"up"
"T1D-control","alpha","TTR",-1.08980901024302,1.08998314358023,"down"
"T1D-control","duct_major","CYP1B1",-1.08682937404962,1.08866874866458,"down"
"T1D-control","acinar","GSTA2",1.00443900990444,1.0820021004213,"up"
"T1D-control","duct_major","CD74",1.05484071021747,1.06824248160874,"up"
"T1D-control","beta_major","TTR",1.0634495659519,1.06445095735351,"up"
"T1D-control","duct_major","CRP",0.938709851934141,1.03138539070197,"up"
"T1D-control","duct_major","KRT19",-0.65629599749619,1.02249292603862,"down"
"T1D-control","duct_major","KRT18",-0.920062663887446,1.00194170443061,"down"
"T1D-control","acinar","OLFM4",0.980690970240304,0.998585693527434,"up"
"T1D-control","acinar","MT1F",0.885774418175167,0.975589279918339,"up"
"T1D-control","duct_major","MMP7",-0.522866910417824,0.96431480808331,"down"
"T1D-control","beta_major","PCSK2",0.940550814350298,0.950914614909807,"up"
"T1D-control","acinar","MT1M",0.93094306507859,0.947041993160592,"up"
"T1D-control","beta_major","IAPP",-0.888543810622567,0.930883114211781,"down"
"T1D-control","duct_major","SST",-0.160845923729489,0.921151840847995,"down"
"T1D-control","beta_major","FAP",0.891971121155767,0.91686182520295,"up"
"T1D-control","duct_major","KRT7",-0.414800303602327,0.908160126120182,"down"
"T1D-control","duct_major","LGALS1",-0.635560058338685,0.901037773071523,"down"
"T1D-control","acinar","MT2A",0.828423995055176,0.893936867387263,"up"
"T1D-control","duct_major","CXCL1",0.857473549378501,0.890844584231122,"up"
"T1D-control","acinar","MT1G",0.77854158237216,0.857295454391136,"up"
"T1D-control","alpha","PPY",0.799735375658737,0.823358502807068,"up"
"T1D-control","alpha","MRC1",0.802771246041936,0.805702830187859,"up"
"T1D-control","duct_major","KRT23",-0.430034548215016,0.7865388232731,"down"
"T1D-control","beta_major","IGFBP5",0.780832620279251,0.782871736507453,"up"
"T1D-control","duct_major","SERPINA1",0.528272952735338,0.76637197809292,"up"
"T1D-control","beta_major","COL1A1",0.679722158335165,0.751772451217151,"up"
"T1D-control","duct_major","APCS",0.64279017222211,0.747923994495268,"up"
"T1D-control","acinar","SPP1",-0.0940500100670678,0.744448392793504,"down"
"T1D-control","duct_major","CXCL3",0.666276876752154,0.7339497682326,"up"
"T1D-control","alpha","GCG",0.729689389205755,0.731163166882327,"up"
"T1D-control","duct_major","CCL20",0.605784512922982,0.727367688497879,"up"
"T1D-control","duct_major","AKR1B10",-0.64533299321537,0.725065816486574,"down"
"T1D-control","duct_major","SLPI",-0.531903057860313,0.723701999400719,"down"
"T1D-control","beta_major","TIMP1",0.701377134884404,0.719512635328289,"up"
"T1D-control","beta_major","HSPA1B",0.69615532342192,0.715238739655519,"up"
"T1D-control","beta_major","SST",0.507399406423569,0.700569063911315,"up"
"T1D-control","duct_major","LGALS2",0.166001023841971,0.689949673961469,"up"
"T1D-control","duct_major","CCN1",-0.468242845539639,0.688912351186768,"down"
"T1D-control","acinar","IL32",0.608960773374337,0.681994120528846,"up"
"T1D-control","acinar","SST",0.0727516709213564,0.677211203569475,"up"
"T1D-control","duct_major","RBP4",-0.580216345523373,0.672151585142785,"down"
"T1D-control","acinar","DUOXA2",0.615380853021399,0.672121012048996,"up"
"T1D-control","acinar","PRSS1",-0.613937469998566,0.660848533116678,"down"
"T1D-control","beta_major","VIM",0.61727575676694,0.643667539825242,"up"
"T1D-control","duct_major","ANXA1",0.0339812751484364,0.631752653403571,"up"
"T1D-control","acinar","MT1E",0.580548172661053,0.615639992831216,"up"
"T1D-control","duct_major","MT1F",0.277670258517366,0.615015594046143,"up"
"T1D-control","beta_major","SOCS3",0.598560282250244,0.601142588431621,"up"
"T1D-control","beta_major","DLK1",-0.583582878419061,0.597387192800422,"down"
"T1D-control","acinar","APOD",0.563235545778939,0.585571929933421,"up"
"T1D-control","acinar","MT1X",0.435132927687983,0.578227471674695,"up"
"T1D-control","acinar","PPY",0.332867657318388,0.576918528856827,"up"
"T1D-control","duct_major","MGP",0.142868453129888,0.56761014909398,"up"
"T1D-control","acinar","KRT7",0.00191188838970636,0.567388404493173,"up"
"T1D-control","acinar","MT1A",0.55724495175566,0.564892334797376,"up"
"T1D-control","duct_major","MT1X",-0.047408376315052,0.563313034468148,"down"
"T1D-control","acinar","AMY2A",0.476535913762739,0.559376312124769,"up"
"T1D-control","acinar","HAMP",0.535473479476494,0.556543486165603,"up"
"T1D-control","acinar","PRSS2",-0.550029259925957,0.556412861554843,"down"
"T1D-control","beta_major","G6PC2",0.548774429068896,0.555689735545633,"up"
"T1D-control","beta_major","ZFP36",0.534766326507471,0.550145458577008,"up"
"T1D-control","beta_major","SPP1",0.409593705560247,0.54721911703073,"up"
"T1D-control","duct_major","CHI3L1",0.532909682894963,0.546059409508701,"up"
"T1D-control","beta_major","GCG",0.520934256751122,0.544633310433395,"up"
"T1D-control","beta_major","HLA-DRA",0.513712040850026,0.541994734128427,"up"
"T1D-control","alpha","HSPA1A",-0.535552792231673,0.537422454037389,"down"
"T1D-control","duct_major","CCL7",-0.508317472382635,0.536039658385595,"down"
"T1D-control","duct_major","S100A9",-0.478460185584383,0.534060287622527,"down"
"T1D-control","acinar","KRT19",0.0151241935293002,0.53146087036706,"up"
"T1D-control","beta_major","PDX1",0.522058813458548,0.530602706713024,"up"
"T1D-control","duct_major","GSTA2",0.0211111280229766,0.5209589265339,"up"
"T1D-control","duct_major","LYZ",0.166916924651515,0.518693272198774,"up"
"T1D-control","beta_major","CD74",0.481919422652228,0.4997588140434,"up"
"T1D-control","acinar","MGP",0.437521158521107,0.499566824789344,"up"
"T1D-control","duct_major","MT2A",0.1409950230168,0.497550286840925,"up"
"T1D-control","duct_major","MT1G",-0.0055971410683667,0.496932722653057,"down"
"T1D-control","beta_major","MRC1",0.45278075906541,0.493509244679037,"up"
"T1D-control","duct_major","S100A2",-0.482297857032721,0.486162714671797,"down"
"T1D-control","duct_major","MT1H",-0.0269896575589719,0.480676217204093,"down"
"T1D-control","beta_major","SERPINA1",0.437948161225449,0.476985020146259,"up"
"T1D-control","beta_major","HLA-DRB1",0.451819722510503,0.476842983438511,"up"
"T1D-control","beta_major","ACTA2",0.409363394331637,0.467920084265274,"up"
"T1D-control","beta_major","APCS",0.437628346127984,0.462728409319998,"up"
"T1D-control","duct_major","TIMP1",-0.415875320824306,0.45866711134049,"down"
"T1D-control","acinar","LTB",0.426682623675461,0.456251106043527,"up"
"T1D-control","beta_major","NR4A1",0.431431468430179,0.455238116393496,"up"
"T1D-control","duct_major","PDX1",-0.432604713613294,0.455024629954308,"down"
"T1D-control","duct_major","COL6A1",-0.404472973963031,0.447487987397324,"down"
"T1D-control","acinar","AMY2B",0.398046209640763,0.445537172921534,"up"
"T1D-control","beta_major","TFF3",0.436476028218795,0.441603509646011,"up"
"T1D-control","beta_major","EGR4",0.376085607255365,0.440998932666409,"up"
"T1D-control","duct_major","MT1E",0.28406811765111,0.439608031000413,"up"
"T1D-control","beta_major","BIRC5",0.412112334464752,0.439565500316207,"up"
"T1D-control","beta_major","INHBA",0.433776559487776,0.438051661490294,"up"
"T1D-control","duct_major","APOE",-0.373342290776072,0.437990940053538,"down"
"T1D-control","duct_major","CRYAB",-0.0689393718352515,0.437640653804653,"down"
"T1D-control","duct_major","HLA-DRB1",0.112331878389508,0.43488486333147,"up"
"T1D-control","beta_major","KRT7",0.301973519302318,0.431356052853721,"up"
"T1D-control","beta_major","MMP7",0.264459362377156,0.430709412978265,"up"
"T1D-control","beta_major","RBP4",-0.386844143201347,0.424381893133913,"down"
"T1D-control","alpha","ZFP36",0.4184169486493,0.423308865663043,"up"
"T1D-control","duct_major","COL4A1",0.387080566806924,0.423047891079456,"up"
"T1D-control","duct_major","GADD45B",-0.162113719377355,0.421369018418786,"down"
"T1D-control","duct_major","LTB",0.233617645993806,0.42084369922873,"up"
"T1D-control","beta_major","HLA-DPA1",0.382454750721708,0.417363552533989,"up"
"T1D-control","duct_major","DUOXA2",-0.239015087704647,0.417161976009177,"down"
"T1D-control","beta_major","ANGPTL4",0.377183805134617,0.415827297498297,"up"
"T1D-control","beta_major","CXCL8",-0.0850835661549688,0.408672793120202,"down"
"T1D-control","beta_major","G0S2",0.372523113158087,0.404892519515322,"up"
"T1D-control","duct_major","VIM",0.290802569685283,0.403462293278142,"up"
"T1D-control","duct_major","CXCL2",0.148532780213802,0.396886430207978,"up"
"T1D-control","duct_major","KRT17",-0.338423362681304,0.393194608122197,"down"
"T1D-control","acinar","MMP7",-0.0246971930841623,0.392944723175341,"down"
"T1D-control","beta_major","AKR1B10",0.36139934131226,0.392695160077293,"up"
"T1D-control","duct_major","AMY2A",0.148199017560057,0.39160498987188,"up"
"T1D-control","beta_major","ANXA1",0.311386373955694,0.387135704052838,"up"
"T1D-control","beta_major","C11orf96",0.374908129012378,0.384888025929402,"up"
"T1D-control","beta_major","SPARC",0.383775329950222,0.38433949115417,"up"
"T1D-control","beta_major","IGFBP6",0.371767017232819,0.379534489550808,"up"
"T1D-control","acinar","KRT23",-0.0525823812589041,0.376433756184464,"down"
"T1D-control","beta_major","TAGLN",0.347561724874373,0.368933992557756,"up"
"T1D-control","beta_major","NPY",0.36227584685222,0.367799232793653,"up"
"T1D-control","beta_major","APOE",0.354741602680807,0.364870511608866,"up"
"T1D-control","duct_major","PRSS1",0.263502676721819,0.364177316237238,"up"
"T1D-control","beta_major","LOXL4",0.357585482177783,0.361908578518879,"up"
"T1D-control","beta_major","ISG15",0.316484448769959,0.360673349475534,"up"
"T1D-control","duct_major","HAMP",0.17330592950338,0.357835977437821,"up"
"T1D-control","alpha","LOXL4",0.357002202781403,0.357462987638539,"up"
"T1D-control","duct_major","CEACAM6",-0.130896766882086,0.354133255211555,"down"
"T1D-control","duct_major","SPRR2A",-0.312683611485502,0.352908304545656,"down"
"T1D-control","acinar","CCN1",0.0918980846215945,0.347510370017139,"up"
"T1D-control","duct_major","OLFM4",0.0636528434270709,0.345015366149273,"up"
"T1D-control","beta_major","CRP",0.319908409179089,0.344780131902938,"up"
"T1D-control","duct_major","LCN2",-0.310101383708181,0.344349635336981,"down"
"T1D-control","duct_major","AGR2",-0.336669459616408,0.340922922684771,"down"
"T1D-control","beta_major","TGFBI",0.33186932779962,0.339049779033724,"up"
"T1D-control","duct_major","ANKRD1",0.328657972503305,0.335177161946845,"up"
"T1D-control","duct_major","MUC1",-0.334657111841651,0.335144481196955,"down"
"T1D-control","beta_major","KRT17",0.296873190750082,0.331590670160453,"up"
"T1D-control","beta_major","COL3A1",0.313356422862876,0.329261627115139,"up"
"T1D-control","duct_major","CCN2",0.248302807413976,0.329153945459496,"up"
"T1D-control","duct_major","ZFP36",0.167627238081909,0.326787508549692,"up"
"T1D-control","beta_major","COL6A3",0.27728966749613,0.326171515271845,"up"
"T1D-control","beta_major","PLAU",0.312364051233646,0.325445328440384,"up"
"T1D-control","duct_major","REG1B",0.287362824340095,0.321224363522962,"up"
"T1D-control","beta_major","COL4A1",0.309529695342961,0.320696267104464,"up"
"T1D-control","beta_major","PRSS1",0.307377846112546,0.317064235769024,"up"
"T1D-control","beta_major","CCL3",0.306779343759539,0.313170395956579,"up"
"T1D-control","duct_major","AMY2B",0.190305450011549,0.312181685672102,"up"
"T1D-control","beta_major","HSPA1A",0.292171080966367,0.311894111456617,"up"
"T1D-control","beta_major","FGA",0.299140353075122,0.311772190533124,"up"
"T1D-control","beta_major","CXCL1",-0.0924964701176915,0.306709467265437,"down"
"T1D-control","acinar","AKR1B10",0.232038500793103,0.300720605785006,"up"
"T1D-control","acinar","AKR1C2",0.193304802756177,0.299776822104445,"up"
"T1D-control","alpha","SPP1",0.131409774799384,0.29906388786819,"up"
"T1D-control","acinar","SLPI",0.106986508107748,0.298977853570303,"up"
"T1D-control","acinar","ANXA1",0.0954500965594761,0.298184914757065,"up"
"T1D-control","duct_major","AKR1C2",0.000810207631001038,0.296904052811947,"up"
"T1D-control","beta_major","LGALS2",0.169697999080307,0.295535349865204,"up"
"T1D-control","acinar","CP",0.277006261342117,0.295499580590248,"up"
"T1D-control","alpha","LYZ",-0.281167763654978,0.295136095625078,"down"
"T1D-control","alpha","INHBA",0.291775001406671,0.293742642610706,"up"
"T1D-control","beta_major","TYROBP",0.282952471275557,0.291410022560246,"up"
"T1D-control","alpha","CFD",-0.291255677700306,0.291384369241513,"down"
"T1D-control","beta_major","GADD45B",0.266209049745803,0.286746422638456,"up"
"T1D-control","duct_major","REG1A",0.279771606600066,0.285213720752323,"up"
"T1D-control","beta_major","KRT19",0.10172099292254,0.283493591798776,"up"
"T1D-control","beta_major","CGA",0.27620227028247,0.282148556891715,"up"
"T1D-control","beta_major","MAFA",-0.255249958215941,0.281341039174213,"down"
"T1D-control","acinar","IFITM3",0.276055299623689,0.281309933425201,"up"
"T1D-control","beta_major","S100A2",0.267307633399045,0.27943895181982,"up"
"T1D-control","acinar","CCL2",-0.068299840791999,0.278148548870395,"down"
"T1D-control","alpha","G6PC2",-0.271853588127815,0.275720156453797,"down"
"T1D-control","alpha","LTB",-0.262072961826063,0.275677430264505,"down"
"T1D-control","beta_major","S100A4",0.273057207575425,0.274104088496284,"up"
"T1D-control","duct_major","ANGPTL4",-0.103203546075754,0.273259966107746,"down"
"T1D-control","beta_major","CCL20",-0.115794523827059,0.27310771961733,"down"
"T1D-control","beta_major","PRSS2",0.267019368465629,0.273100794668734,"up"
"T1D-control","beta_major","APOC1",0.248265597841301,0.272601954341157,"up"
"T1D-control","beta_major","HMOX1",0.25304207986286,0.272132996402596,"up"
"T1D-control","duct_major","SPARC",0.266589349039608,0.267557018525924,"up"
"T1D-control","duct_major","DCN",0.134003276739514,0.267419623791141,"up"
"T1D-control","beta_major","STC1",0.25907449399668,0.26550016564401,"up"
"T1D-control","beta_major","S100A9",0.24722666899388,0.263812910626729,"up"
"T1D-control","beta_major","LUM",0.253531410355217,0.263538892191836,"up"
"T1D-control","beta_major","SLPI",0.204143976624878,0.262981028674752,"up"
"T1D-control","beta_major","PCSK1",0.230848194986328,0.260270625288332,"up"
"T1D-control","duct_major","TPM2",0.168362826598426,0.259176541303553,"up"
"T1D-control","acinar","COL6A3",0.21667838902181,0.258881771159476,"up"
"T1D-control","acinar","HLA-DRB1",-0.014712295590243,0.258548323529082,"down"
"T1D-control","beta_major","SFRP2",0.246590300606317,0.258507768909887,"up"
"T1D-control","beta_major","C1QA",0.252276266247893,0.258491613315339,"up"
"T1D-control","duct_major","GHRL",0.257302129957402,0.25810158489894,"up"
"T1D-control","acinar","MUC1",0.257577140586652,0.25764773654599,"up"
"T1D-control","beta_major","OLFM4",0.211737153421073,0.255987051602389,"up"
"T1D-control","beta_major","RRAD",0.23544014346197,0.255511340880954,"up"
"T1D-control","duct_major","COL6A3",0.143275686008303,0.255048270488797,"up"
"T1D-control","beta_major","LCN2",0.238434528349263,0.253791374754787,"up"
"T1D-control","alpha","LGALS2",-0.222329652683433,0.25319982793986,"down"
"T1D-control","beta_major","FCER1G",0.247480088753387,0.252773523573201,"up"
"T1D-control","duct_major","PRSS2",0.232176340701054,0.251133341821505,"up"
"T1D-control","duct_major","SPON2",0.234666644580434,0.250748934415015,"up"
"T1D-control","alpha","MMP7",-0.192783813709585,0.250452217645435,"down"
"T1D-control","duct_major","APOD",0.0994893226219908,0.249335123161512,"up"
"T1D-control","duct_major","COL1A1",-0.000920736591894459,0.248975807626647,"down"
"T1D-control","beta_major","CCL7",0.240946510999847,0.248536696377684,"up"
"T1D-control","beta_major","C1QB",0.24188069637552,0.248534481391841,"up"
"T1D-control","duct_major","BGN",0.246554738540898,0.247641184712862,"up"
"T1D-control","duct_major","IGFBP6",0.240662733008949,0.247496911495343,"up"
"T1D-control","alpha","CRYAB",-0.231742287303963,0.247266670641402,"down"
"T1D-control","beta_major","CXCL3",-0.119331971120102,0.246321120943582,"down"
"T1D-control","beta_major","CEACAM6",0.214439864349888,0.246214102944503,"up"
"T1D-control","duct_major","STC1",-0.0890341616549441,0.245258576831761,"down"
"T1D-control","beta_major","REG1A",0.244229029140096,0.244979394812238,"up"
"T1D-control","acinar","DCN",0.227237480331008,0.244809161416439,"up"
"T1D-control","duct_major","TCN1",0.123843756007482,0.244438955263474,"up"
"T1D-control","beta_major","COL6A2",0.234708874284623,0.244437686439085,"up"
"T1D-control","beta_major","TPM2",0.23024929949225,0.243272484215009,"up"
"T1D-control","beta_major","PGF",0.211474568051555,0.241812359261719,"up"
"T1D-control","acinar","CXCL8",0.161166870451817,0.24076751968433,"up"
"T1D-control","beta_major","LGALS1",0.164397930373942,0.240005123518976,"up"
"T1D-control","beta_major","MUC1",0.23918558761804,0.239638264301346,"up"
"T1D-control","beta_major","IFITM3",0.215034263874137,0.239023317653223,"up"
"T1D-control","beta_major","IL11",0.223443319091409,0.237353407811595,"up"
"T1D-control","beta_major","CXCL2",0.200152647360334,0.236596665655955,"up"
"T1D-control","acinar","CEACAM6",0.0448850883371447,0.23533728847354,"up"
"T1D-control","beta_major","AMY2A",0.2161014666925,0.23506809692259,"up"
"T1D-control","beta_major","CYP1B1",0.231761614213282,0.232343159666264,"up"
"T1D-control","duct_major","CP",0.100554714081816,0.232139324026808,"up"
"T1D-control","duct_major","MT1M",0.147564105320912,0.231952145657477,"up"
"T1D-control","duct_major","TAGLN",0.136450705658281,0.231261463758881,"up"
"T1D-control","beta_major","CCN2",0.217157423807648,0.228784418123777,"up"
"T1D-control","acinar","SERPINA1",-0.0258180883051144,0.228412383319675,"down"
"T1D-control","duct_major","NPPB",-0.170842386355939,0.228292985038756,"down"
"T1D-control","duct_major","IL11",0.0633551238321303,0.22823323597899,"up"
"T1D-control","beta_major","SRGN",0.227386477606935,0.227405234255118,"up"
"T1D-control","alpha","LGALS1",-0.183785269100543,0.226983890545435,"down"
"T1D-control","acinar","LGALS1",0.0818302054380205,0.226410631795552,"up"
"T1D-control","beta_major","SPON2",0.217990712769007,0.225885453855947,"up"
"T1D-control","beta_major","IL32",-0.00180344967219502,0.225343288752991,"down"
"T1D-control","duct_major","RRAD",-0.183467983771521,0.225244896546912,"down"
"T1D-control","beta_major","FBLN1",0.22429995611531,0.22522876476514,"up"
"T1D-control","duct_major","FGA",-0.0218355560929264,0.225186938558517,"down"
"T1D-control","beta_major","IL1B",0.220048454539344,0.224197930520952,"up"
"T1D-control","alpha","PRSS1",0.218781492901109,0.224017994241828,"up"
"T1D-control","duct_major","CXCL5",0.168269513156117,0.223314918848551,"up"
"T1D-control","acinar","CXCL2",0.0595385401926958,0.222952332545485,"up"
"T1D-control","acinar","CRYAB",0.112789770324232,0.222464588482827,"up"
"T1D-control","beta_major","CHI3L1",0.219827698859205,0.222039658503209,"up"
"T1D-control","duct_major","HLA-DRA",0.00994071251896235,0.221976215706558,"up"
"T1D-control","alpha","CRP",0.202223708185162,0.221794164377403,"up"
"T1D-control","acinar","KRT18",-0.00497772931140155,0.221596977896708,"down"
"T1D-control","duct_major","IL6",0.205404535896759,0.220515446773002,"up"
"T1D-control","beta_major","TIMP3",0.211219968424847,0.218621193586283,"up"
"T1D-control","alpha","HLA-DPA1",-0.210275893934216,0.217829828019233,"down"
"T1D-control","alpha","SST",0.0206884408158373,0.216525540694705,"up"
"T1D-control","beta_major","FN1",0.199640697781796,0.215814407443794,"up"
"T1D-control","duct_major","IAPP",0.0460954298818257,0.214616799827788,"up"
"T1D-control","acinar","G0S2",-0.162925716181433,0.214112906827123,"down"
"T1D-control","acinar","REG1A",0.213097524835744,0.21393887897742,"up"
"T1D-control","duct_major","INHBA",0.0987887206614259,0.213453917679627,"up"
"T1D-control","duct_major","CELA2A",0.137825528011361,0.213408990083359,"up"
"T1D-control","acinar","GADD45B",-0.0138633354253614,0.213339193870755,"down"
"T1D-control","acinar","FGG",0.208799197489543,0.213154275091191,"up"
"T1D-control","beta_major","DUSP2",0.21189078169095,0.21234953459272,"up"
"T1D-control","beta_major","NPPB",0.208923607898811,0.211857454764855,"up"
"T1D-control","beta_major","PECAM1",0.202310887338163,0.210782976691418,"up"
"T1D-control","beta_major","CCN1",0.118899693072847,0.208344024434093,"up"
"T1D-control","duct_major","SERPINB2",0.0433639589793585,0.208273430210888,"up"
"T1D-control","beta_major","GEM",0.207882571049703,0.208018862301192,"up"
"T1D-control","acinar","C11orf96",-0.129156204785523,0.207916250994109,"down"
"T1D-control","acinar","VIM",-0.00959868519534845,0.206504083599934,"down"
"T1D-control","acinar","HLA-DRA",-0.137960352828039,0.204712971846898,"down"
"T1D-control","beta_major","SHISAL2B",0.156358193645284,0.203216978314879,"up"
"T1D-control","beta_major","MT1F",0.136817459243837,0.203089258462964,"up"
"T1D-control","acinar","CYP2E1",0.199930058868947,0.202343349034283,"up"
"T1D-control","alpha","C11orf96",0.197600083858789,0.200529355069822,"up"
"T1D-control","beta_major","S100A8",0.200497418726899,0.20049743642324,"up"
"T1D-control","duct_major","G0S2",-0.00360914364653651,0.20010252088148,"down"
"T1D-control","beta_major","TNFAIP6",0.198397778016337,0.199912092888974,"up"
"T1D-control","beta_major","HOXB2",0.147489112725521,0.198745548650151,"up"
"T1D-control","duct_major","ISG15",-0.0754690669965533,0.198550877291294,"down"
"T1D-control","beta_major","IL6",0.189509516108526,0.197006604698391,"up"
"T1D-control","duct_major","C11orf96",0.0173475631497269,0.196902257469794,"up"
"T1D-control","alpha","ANXA1",-0.145203955807896,0.196833873904925,"down"
"T1D-control","beta_major","CELA2A",0.170408585719314,0.195065363615956,"up"
"T1D-control","acinar","COL3A1",0.188223240228736,0.194881521153565,"up"
"T1D-control","acinar","ANGPTL4",0.0857020083639376,0.194494399829055,"up"
"T1D-control","alpha","OLFM4",0.182683918580452,0.194292269759444,"up"
"T1D-control","beta_major","AMY2B",0.179315783570292,0.193925069029459,"up"
"T1D-control","beta_major","LYZ",0.054544422924334,0.193415791838448,"up"
"T1D-control","beta_major","MT1A",0.149104144603431,0.192851898826665,"up"
"T1D-control","duct_major","LUM",0.127558381889074,0.192413884925847,"up"
"T1D-control","acinar","RBP4",-0.0137688464673878,0.191576677945432,"down"
"T1D-control","acinar","LUM",0.172224465228631,0.191279212541603,"up"
"T1D-control","acinar","PGC",-0.188911534310739,0.190432996717535,"down"
"T1D-control","beta_major","REG1B",0.179859295864446,0.188147744044612,"up"
"T1D-control","duct_major","IGFBP4",0.170809655005114,0.187981966855908,"up"
"T1D-control","duct_major","DLK1",0.165190968543423,0.187361867198955,"up"
"T1D-control","duct_major","G6PC2",-0.00818056010900741,0.185242010413431,"down"
"T1D-control","acinar","APOE",0.110858068952402,0.184674030771256,"up"
"T1D-control","duct_major","HSPA1A",-0.0317760015063494,0.184562657559187,"down"
"T1D-control","beta_major","PI3",0.182953085937565,0.184300738243702,"up"
"T1D-control","alpha","MT1H",-0.166094331427868,0.183624046170778,"down"
"T1D-control","beta_major","KRT23",0.0571851049783706,0.182884038423155,"up"
"T1D-control","beta_major","FGF19",0.178130526866398,0.181188644515759,"up"
"T1D-control","beta_major","AGR2",0.176869550476967,0.180490758368189,"up"
"T1D-control","duct_major","INS",-0.0278449219772593,0.180245603408792,"down"
"T1D-control","beta_major","FGFBP1",0.168715261031038,0.180192580711608,"up"
"T1D-control","beta_major","UCN",0.17656220030925,0.179918591859253,"up"
"T1D-control","beta_major","BGN",0.178656283042825,0.179873907540227,"up"
"T1D-control","duct_major","FGG",0.109066840155377,0.179731749492819,"up"
"T1D-control","beta_major","FGG",0.140092142058349,0.179405094827934,"up"
"T1D-control","acinar","TCN1",0.0984712014172775,0.179240025790373,"up"
"T1D-control","acinar","COL6A2",0.169730779801595,0.179107801275452,"up"
"T1D-control","beta_major","PYY",0.178551435247041,0.178557893161199,"up"
"T1D-control","acinar","TIMP3",0.154186574341714,0.178237621361511,"up"
"T1D-control","duct_major","TIMP3",0.107391848340155,0.176164521270859,"up"
"T1D-control","acinar","KRT8",0.0578332853941636,0.17606745600758,"up"
"T1D-control","duct_major","FAP",-0.0577614641513439,0.17604770363225,"down"
"T1D-control","alpha","TPM2",-0.169999902256269,0.175906171070955,"down"
"T1D-control","duct_major","MRC1",-0.112913039742281,0.175815292000715,"down"
"T1D-control","duct_major","HLA-DPA1",-0.0630815240186315,0.174864834302994,"down"
"T1D-control","acinar","COL15A1",0.134296332411055,0.174546636620666,"up"
"T1D-control","duct_major","COL15A1",-0.0712450309467649,0.172938090544425,"down"
"T1D-control","alpha","SERPINA1",0.127250302228955,0.172826088944586,"up"
"T1D-control","alpha","FGA",0.164029914358072,0.172575540061578,"up"
"T1D-control","alpha","IAPP",0.154490711061656,0.172570226310437,"up"
"T1D-control","alpha","PDX1",-0.168855152864381,0.172259622853969,"down"
"T1D-control","duct_major","ESM1",0.165167697244999,0.172235315150903,"up"
"T1D-control","beta_major","CP",0.151308370530742,0.171793385218157,"up"
"T1D-control","alpha","AMY2A",0.16067393185582,0.171438033728023,"up"
"T1D-control","beta_major","KRT8",0.144337136061968,0.170685418521464,"up"
"T1D-control","beta_major","MT1E",0.145754084755152,0.170168821277499,"up"
"T1D-control","beta_major","CCL2",0.0845196617717243,0.170144609564441,"up"
"T1D-control","alpha","COL6A3",0.159100935863019,0.16895566605525,"up"
"T1D-control","alpha","IFI27",-0.16631836622059,0.168293664554623,"down"
"T1D-control","beta_major","TFF2",0.155645841731792,0.166939030376879,"up"
"T1D-control","acinar","COL1A1",0.11837540677845,0.166539952045527,"up"
"T1D-control","alpha","KRT7",0.0613963161297597,0.164938068727808,"up"
"T1D-control","duct_major","MMP10",0.162229130224819,0.164494330700456,"up"
"T1D-control","beta_major","GSTA2",0.0956525742400771,0.164249427929487,"up"
"T1D-control","acinar","CXCL3",0.125118496403504,0.164098682050567,"up"
"T1D-control","duct_major","MMP1",0.16176686518852,0.163677233924922,"up"
"T1D-control","acinar","IFI27",0.16004337150585,0.162923469520866,"up"
"T1D-control","alpha","PRSS2",0.157951434733383,0.162407935058653,"up"
"T1D-control","acinar","PDGFRB",0.160638101715148,0.162176258511679,"up"
"T1D-control","alpha","KRT19",0.0683458002587412,0.16215103021466,"up"
"T1D-control","beta_major","LTB",-0.0526524306552292,0.161189554217065,"down"
"T1D-control","beta_major","MT1X",0.0507990646777222,0.158969469512096,"up"
"T1D-control","beta_major","SERPINB2",0.145158974344588,0.158090064605872,"up"
"T1D-control","duct_major","TNFAIP6",0.154945979608882,0.157840859577,"up"
"T1D-control","beta_major","TFPI2",0.114110880198572,0.157818220926345,"up"
"T1D-control","alpha","CXCL8",0.0656775207074962,0.156985684619092,"up"
"T1D-control","beta_major","CRYAB",0.100005896196795,0.156849995369487,"up"
"T1D-control","duct_major","EGR4",-0.0572055636322318,0.156723938620716,"down"
"T1D-control","beta_major","SERPINE1",0.150164365952958,0.155708481673461,"up"
"T1D-control","alpha","REG1B",0.153259973034781,0.155500524304243,"up"
"T1D-control","beta_major","APOD",0.11521058987116,0.155301676844757,"up"
"T1D-control","beta_major","COL6A1",0.146114893580575,0.155088665905708,"up"
"T1D-control","alpha","ISG15",-0.140626104774128,0.154547925137284,"down"
"T1D-control","acinar","SHISAL2B",0.117034431582032,0.154454689005587,"up"
"T1D-control","duct_major","SERPINE1",0.14143683263213,0.153729810894253,"up"
"T1D-control","acinar","SFRP2",0.134175955945348,0.153252223349239,"up"
"T1D-control","acinar","ZFP36",-0.0594128612099651,0.152680569256696,"down"
"T1D-control","duct_major","ACTA2",0.0359371071256598,0.152492722905365,"up"
"T1D-control","acinar","SPARC",0.151749016996032,0.151886547105695,"up"
"T1D-control","acinar","TIMP1",0.133347908480018,0.1513271837748,"up"
"T1D-control","acinar","CRP",0.0567000529154438,0.150653126821938,"up"
"T1D-control","beta_major","KRT18",0.094050100217727,0.150100799787171,"up"
"T1D-control","beta_major","KDR",0.149784943830713,0.149784943835514,"up"
"T1D-control","acinar","CYP3A4",0.14883597932019,0.149371677993692,"up"
"T1D-control","alpha","BGN",0.148859058254612,0.149064213273885,"up"
"T1D-control","acinar","GHRL",0.147682904614355,0.14878552143892,"up"
"T1D-control","duct_major","MT1A",0.0722800022843632,0.148652975222947,"up"
"T1D-control","alpha","PCSK2",-0.143234157760149,0.147541541039863,"down"
"T1D-control","acinar","PDX1",0.0661769535411196,0.145999887742177,"up"
"T1D-control","beta_major","OASL",0.144775326145646,0.145641706053244,"up"
"T1D-control","duct_major","SHISAL2B",-0.0311484961721793,0.144032502281129,"down"
"T1D-control","acinar","NDUFA4L2",0.143103551624632,0.143556792540484,"up"
"T1D-control","alpha","NR4A1",-0.136842683720765,0.143186387826606,"down"
"T1D-control","beta_major","MGP",0.0304918396206227,0.142882261326897,"up"
"T1D-control","beta_major","MMP9",0.141570207136039,0.142536688417563,"up"
"T1D-control","alpha","GEM",0.142431326200883,0.142479751238993,"up"
"T1D-control","alpha","GSTA2",-0.114049273328623,0.142394049219428,"down"
"T1D-control","duct_major","RARRES1",0.0144980858820389,0.140885042961156,"up"
"T1D-control","beta_major","IFI27",0.134471379695489,0.140791108777383,"up"
"T1D-control","acinar","S100A9",-0.0592471917613098,0.14072404083465,"down"
"T1D-control","duct_major","IFI27",0.0986975620349283,0.140214838378958,"up"
"T1D-control","acinar","CD74",-0.0929257421986885,0.139983405086581,"down"
"T1D-control","acinar","CCL20",-0.0365880593852252,0.139251987984261,"down"
"T1D-control","beta_major","LST1",0.138989937386493,0.139005005080703,"up"
"T1D-control","beta_major","SOX18",0.138989937386493,0.139005005080703,"up"
"T1D-control","acinar","CXCL6",-0.0416601895434058,0.139004224039864,"down"
"T1D-control","duct_major","PLVAP",0.138736642410515,0.138947252566509,"up"
"T1D-control","beta_major","SPRR2A",0.0165520310487997,0.138795008324128,"up"
"T1D-control","duct_major","PLAU",-0.0769401488788642,0.138402384788911,"down"
"T1D-control","beta_major","CYP2E1",0.137720278070209,0.138386188720992,"up"
"T1D-control","duct_major","CSF2",0.137213348578753,0.138133172148134,"up"
"T1D-control","beta_major","MT1H",-0.0287126805980052,0.138027810987764,"down"
"T1D-control","beta_major","RARRES1",0.12713399578234,0.137602450800742,"up"
"T1D-control","duct_major","SFRP2",0.0861588194985542,0.135661058185788,"up"
"T1D-control","duct_major","NR4A1",-0.0442163058371051,0.134834668842558,"down"
"T1D-control","duct_major","LOXL4",0.129012869921588,0.134633878019612,"up"
"T1D-control","alpha","MGP",0.0807259389761131,0.134495330173134,"up"
"T1D-control","alpha","G0S2",0.117657044733163,0.13341187115878,"up"
"T1D-control","acinar","SERPINB2",0.0677396015868821,0.133246743044197,"up"
"T1D-control","alpha","MT1F",-0.0932321082362904,0.133233066580469,"down"
"T1D-control","acinar","CXCL1",-0.0444591334212089,0.131894397312589,"down"
"T1D-control","alpha","IL32",-0.0269352898038919,0.131623892282911,"down"
"T1D-control","acinar","CFD",0.13095609389399,0.131284003865896,"up"
"T1D-control","beta_major","MMP1",0.130042276570548,0.13058184107092,"up"
"T1D-control","beta_major","PI15",0.130343685953047,0.130343685957027,"up"
"T1D-control","beta_major","C7",0.122254537707741,0.130161135874178,"up"
"T1D-control","alpha","HLA-DRB1",-0.10056173627956,0.130098772382688,"down"
"T1D-control","alpha","DUOXA2",-0.116005419513704,0.1297727243313,"down"
"T1D-control","alpha","COL1A1",-0.092820608274511,0.129309805044567,"down"
"T1D-control","acinar","INHBA",-0.0425504232575817,0.128722873577016,"down"
"T1D-control","alpha","PYY",0.128691358037101,0.12869368931826,"up"
"T1D-control","beta_major","HAMP",-0.0388682271605658,0.128654413712543,"down"
"T1D-control","duct_major","PGF",-0.00379964069957363,0.128487159825007,"down"
"T1D-control","acinar","MMP1",0.127879178869296,0.128352026055596,"up"
"T1D-control","alpha","MT2A",-0.0970605402035707,0.127887123937754,"down"
"T1D-control","beta_major","ANKRD1",0.122205480580244,0.127746041696267,"up"
"T1D-control","acinar","CCN2",0.0245121914020379,0.1269461580039,"up"
"T1D-control","duct_major","SLC2A2",0.123417418067505,0.126659057946993,"up"
"T1D-control","acinar","STC1",0.0541188427077975,0.126503904806067,"up"
"T1D-control","beta_major","TNC",0.126307068557832,0.12637259781798,"up"
"T1D-control","alpha","APOC1",0.122645631364884,0.12631016113681,"up"
"T1D-control","alpha","HMOX1",-0.122947832854943,0.126292129802798,"down"
"T1D-control","beta_major","TFF1",0.12010014503681,0.126286873272489,"up"
"T1D-control","acinar","IAPP",0.03813824795197,0.125942689834035,"up"
"T1D-control","beta_major","DUOXA2",0.0490113017569769,0.125699192466263,"up"
"T1D-control","beta_major","PDGFRB",0.123084870933879,0.125520040338375,"up"
"T1D-control","alpha","TIMP1",0.112100059238449,0.124853358751172,"up"
"T1D-control","acinar","INS",-0.0808643827450821,0.124583068671046,"down"
"T1D-control","alpha","HLA-DRA",-0.105686669208895,0.124482686532535,"down"
"T1D-control","alpha","APCS",0.0919617240055709,0.124391271334149,"up"
"T1D-control","alpha","GHRL",-0.123962590816641,0.124115276203955,"down"
"T1D-control","alpha","NPY",0.121540349986286,0.123721590446667,"up"
"T1D-control","alpha","COL6A2",-0.120603219301969,0.123671481961938,"down"
"T1D-control","alpha","PLAU",-0.118726821278546,0.123462013019757,"down"
"T1D-control","beta_major","MT1G",0.0131993689454725,0.123317566853186,"up"
"T1D-control","acinar","ISG15",0.0908799466360403,0.123146399312244,"up"
"T1D-control","acinar","KRT17",0.0920627803109877,0.122923110209077,"up"
"T1D-control","duct_major","CCL3",-0.0878625057887776,0.12241822549695,"down"
"T1D-control","alpha","KRT23",0.0222577538017409,0.122404024055602,"up"
"T1D-control","beta_major","IL1A",0.121802219177475,0.122239176480743,"up"
"T1D-control","duct_major","GCG",-0.0697823387135373,0.12188662812678,"down"
"T1D-control","duct_major","BIRC5",0.0469881379295353,0.121884313317322,"up"
"T1D-control","duct_major","ORM1",0.102055567046743,0.121615977081206,"up"
"T1D-control","beta_major","GHRL",0.119503883751783,0.120654180922028,"up"
"T1D-control","beta_major","CXCL6",-0.0165597151956948,0.120489316272036,"down"
"T1D-control","acinar","IGFBP4",0.117572530883378,0.120171485672206,"up"
"T1D-control","beta_major","COL1A2",0.113773123439615,0.119755382340536,"up"
"T1D-control","beta_major","CCL3L3",0.118493714994398,0.118493715014986,"up"
"T1D-control","acinar","FGA",0.0948263067285109,0.117335417304259,"up"
"T1D-control","duct_major","TGFBI",0.0468960694216703,0.117007011062883,"up"
"T1D-control","acinar","APOC1",0.115926384042198,0.116975009496055,"up"
"T1D-control","acinar","FGFBP1",0.0553320359481477,0.116931078345102,"up"
"T1D-control","alpha","FAP",0.100642041062528,0.116875782268383,"up"
"T1D-control","acinar","MRC1",-0.110364238521444,0.116779359404657,"down"
"T1D-control","acinar","REG1B",0.0244566683661555,0.116426077698674,"up"
"T1D-control","alpha","MT1G",-0.0826408780446758,0.116213646997261,"down"
"T1D-control","acinar","COL6A1",0.00370471057539683,0.115598477858684,"up"
"T1D-control","duct_major","CCL5",-0.114678426409064,0.115572756250037,"down"
"T1D-control","beta_major","MT2A",0.00468444436315545,0.114891749214294,"up"
"T1D-control","alpha","SLPI",-0.0676691269306355,0.114656225801814,"down"
"T1D-control","acinar","G6PC2",0.0754740018402283,0.114351849408887,"up"
"T1D-control","duct_major","PCSK2",-0.0542506983483749,0.113996769999756,"down"
"T1D-control","alpha","CD74",-0.10513514606407,0.113927966593998,"down"
"T1D-control","duct_major","IFITM3",0.0676392412574394,0.112931321442749,"up"
"T1D-control","acinar","FAP",0.101099629445306,0.11270482219822,"up"
"T1D-control","alpha","REG1A",0.111812419982886,0.112540822189137,"up"
"T1D-control","alpha","PDGFRB",0.111680539082059,0.111919978702503,"up"
"T1D-control","alpha","ISLR",0.111698566068634,0.111853390353844,"up"
"T1D-control","alpha","TAC1",0.111723518852648,0.111723518862031,"up"
"T1D-control","acinar","IL17C",0.105027884350572,0.111694756357688,"up"
"T1D-control","duct_major","COL6A2",-0.0222853750204854,0.111669988812989,"down"
"T1D-control","alpha","CCL20",0.0448090874136784,0.111419411630613,"up"
"T1D-control","acinar","PCSK2",0.0975167027162173,0.11034473979027,"up"
"T1D-control","beta_major","DCN",0.0938719069929174,0.110323490680121,"up"
"T1D-control","beta_major","SLC2A2",-0.107267156244929,0.109914405780174,"down"
"T1D-control","alpha","COL3A1",-0.104460618146602,0.10967718976467,"down"
"T1D-control","alpha","CLDN5",-0.109565596985099,0.109572690990018,"down"
"T1D-control","alpha","FCER1G",-0.106598928124944,0.108278573995997,"down"
"T1D-control","duct_major","TFF1",0.0806487906143318,0.108266789580116,"up"
"T1D-control","acinar","HOXB2",0.103992046447915,0.107241507966312,"up"
"T1D-control","duct_major","PCSK1",-0.0853114003907505,0.107152600282087,"down"
"T1D-control","duct_major","COL3A1",-0.0526560351205134,0.106782609882211,"down"
"T1D-control","duct_major","HSPA1B",0.042639173547464,0.10667625526307,"up"
"T1D-control","acinar","APCS",0.00697586400524035,0.106577434214698,"up"
"T1D-control","alpha","RBP4",0.0774274019524851,0.105952926207826,"up"
"T1D-control","duct_major","TFF2",-0.0610771710884541,0.105780229485152,"down"
"T1D-control","duct_major","GEM",-0.105307322750425,0.105683929075511,"down"
"T1D-control","alpha","IL11",0.0930447302182809,0.105208624918634,"up"
"T1D-control","duct_major","C7",0.0606750805268577,0.104686259824189,"up"
"T1D-control","alpha","COL1A2",0.103406779592696,0.104267011322381,"up"
"T1D-control","alpha","AKR1C2",-0.0913454544969629,0.104046750136471,"down"
"T1D-control","beta_major","MT1M",-0.0601765706196239,0.103845853014766,"down"
"T1D-control","beta_major","PLVAP",0.10348718794428,0.10381819405907,"up"
"T1D-control","acinar","ISLR",0.103522589772144,0.103803225267123,"up"
"T1D-control","duct_major","CALCB",0.103217372221593,0.103217372283941,"up"
"T1D-control","acinar","TNFAIP6",0.102644919406818,0.103064186320877,"up"
"T1D-control","duct_major","TTR",-0.057788252852548,0.102980182779602,"down"
"T1D-control","acinar","NPPB",0.050096272453589,0.102878959880425,"up"
"T1D-control","beta_major","CCL5",0.102790778608249,0.102871694991454,"up"
"T1D-control","acinar","SPON2",0.0918299297307369,0.102339133889583,"up"
"T1D-control","alpha","S100A2",-0.0979846480655889,0.101377247311648,"down"
"T1D-control","beta_major","SAA1",0.0937309070343565,0.101301585183585,"up"
"T1D-control","beta_major","COL15A1",0.0764051948914039,0.0995109483440441,"up"
"T1D-control","beta_major","CALCB",0.0995037520830158,0.0995037521370698,"up"
"T1D-control","alpha","CXCL2",0.0694186356461234,0.0989562965108061,"up"
"T1D-control","alpha","APOD",0.0846977634879618,0.0981193716163268,"up"
"T1D-control","duct_major","IL1B",0.0880312198127093,0.0975322458721839,"up"
"T1D-control","alpha","KRT18",0.0641423200464054,0.0972235886366597,"up"
"T1D-control","acinar","LCN2",0.0294274189087809,0.0968645540916451,"up"
"T1D-control","duct_major","IL17C",0.084572812389872,0.0965892051912611,"up"
"T1D-control","alpha","VIM",0.0701746703771525,0.0964881833163777,"up"
"T1D-control","duct_major","TNC",0.0955350789590572,0.0962941964195866,"up"
"T1D-control","duct_major","NPY",-0.0850205979770362,0.0962674378675793,"down"
"T1D-control","alpha","MT1M",-0.0822879151953844,0.0953206831081167,"down"
"T1D-control","duct_major","IL1A",0.0905477282103938,0.0951254584793205,"up"
"T1D-control","acinar","RARRES1",0.0801887401267594,0.0942333234500098,"up"
"T1D-control","acinar","FBLN1",0.0909881133947781,0.094092067403475,"up"
"T1D-control","alpha","CXCL1",0.0379834466306492,0.0939778400511142,"up"
"T1D-control","alpha","MT1X",0.00252632837342964,0.0936185946401569,"up"
"T1D-control","alpha","KDR",0.0933711042173069,0.0933711042185182,"up"
"T1D-control","alpha","CCL2",-0.00733228051550695,0.0932521642516736,"down"
"T1D-control","duct_major","NDUFA4L2",0.0900596650105865,0.0930001714265166,"up"
"T1D-control","alpha","CENPF",0.092719142648987,0.0927213463727752,"up"
"T1D-control","beta_major","MSMB",0.0922230323359028,0.0926130398976883,"up"
"T1D-control","acinar","S100A4",0.0911595784267609,0.0926014986160004,"up"
"T1D-control","alpha","CCN1",-0.0256787272751872,0.0918565456704489,"down"
"T1D-control","acinar","TFPI2",0.035382955804117,0.0914525601206698,"up"
"T1D-control","acinar","BGN",0.0911125757580296,0.091395806798562,"up"
"T1D-control","alpha","PECAM1",-0.0882728351119022,0.0908149185455815,"down"
"T1D-control","beta_major","CCL11",0.0906181228266369,0.0906181228685139,"up"
"T1D-control","duct_major","MAFA",-0.0572783061431991,0.0905680122833434,"down"
"T1D-control","acinar","CYP1B1",0.0859314536108877,0.0901519551624014,"up"
"T1D-control","acinar","TPM2",0.0630356696958014,0.0893753129767178,"up"
"T1D-control","acinar","SOCS3",0.0782980661288603,0.0893023930311145,"up"
"T1D-control","acinar","CELA2A",-0.0527496399044163,0.0891712584541443,"down"
"T1D-control","alpha","SPARC",0.0889051773886691,0.0891475063553089,"up"
"T1D-control","acinar","GCG",0.0749996670492687,0.0879207245807597,"up"
"T1D-control","acinar","IL11",0.0611365190788592,0.0874572487999125,"up"
"T1D-control","beta_major","ESM1",0.0604738791760752,0.0874142505708107,"up"
"T1D-control","alpha","CELA2A",0.0715717954957675,0.0873679642516437,"up"
"T1D-control","acinar","S100A2",0.0834897652486001,0.0869647366432627,"up"
"T1D-control","acinar","SAA1",0.0742487721660727,0.086881365769274,"up"
"T1D-control","alpha","AGXT",0.0867814429092058,0.0867814429135571,"up"
"T1D-control","alpha","STC1",0.0743017569609397,0.0862703219886412,"up"
"T1D-control","alpha","PLVAP",0.0858779514950275,0.0859071609966444,"up"
"T1D-control","beta_major","MMP12",0.0855084964361151,0.0855084964914903,"up"
"T1D-control","alpha","AMY2B",0.0747583815389212,0.0849006272120728,"up"
"T1D-control","alpha","AKR1B10",-0.0472270321764756,0.0848906619315136,"down"
"T1D-control","acinar","FN1",-0.0797360027608963,0.0843251237365534,"down"
"T1D-control","acinar","HSPA1A",0.0233319278108642,0.0843175206164235,"up"
"T1D-control","beta_major","CRLF1",0.0833547116372417,0.0833547118248703,"up"
"T1D-control","beta_major","THY1",0.0833294946271954,0.0833398089543523,"up"
"T1D-control","alpha","GADD45B",-0.0409014203171317,0.0831976017646286,"down"
"T1D-control","beta_major","IL24",-0.083105762282123,0.083105762345684,"down"
"T1D-control","alpha","FGFBP1",-0.0662271704729721,0.0829758024990157,"down"
"T1D-control","alpha","EGR4",-0.0560118007304187,0.0827611922239142,"down"
"T1D-control","alpha","COL6A1",-0.0752545656980935,0.0826878887652268,"down"
"T1D-control","alpha","CXCL3",-0.0139651907812616,0.0820651378181308,"down"
"T1D-control","alpha","PCSK1",-0.0754633186950443,0.0814144804543724,"down"
"T1D-control","duct_major","UCN",0.0775226502236008,0.0813981519669922,"up"
"T1D-control","alpha","TIMP3",0.0757075578308851,0.0810076250270152,"up"
"T1D-control","beta_major","MMP10",0.0701525990210936,0.0809565336814024,"up"
"T1D-control","alpha","CXCL6",-0.0393439272128678,0.080542631789791,"down"
"T1D-control","alpha","BIRC5",0.068549687341794,0.0802140804123909,"up"
"T1D-control","duct_major","FN1",0.000156624689064455,0.0790835702627592,"up"
"T1D-control","acinar","CCL7",0.00983846274911649,0.0790737639033064,"up"
"T1D-control","duct_major","APOC1",0.0478369312584833,0.0786054337452721,"up"
"T1D-control","duct_major","SOCS3",-0.0498780028390806,0.0785824033183106,"down"
"T1D-control","beta_major","CFD",0.0772305519701163,0.0785668830300153,"up"
"T1D-control","alpha","RARRES1",-0.0721257425963248,0.078326549303109,"down"
"T1D-control","alpha","ANGPTL4",0.034420103834507,0.0779457768432098,"up"
"T1D-control","beta_major","ARC",0.0760252484689497,0.0775198940571831,"up"
"T1D-control","acinar","MMP10",0.0770197914714417,0.0773038589314159,"up"
"T1D-control","acinar","TTR",0.0258989348671167,0.0770628158265917,"up"
"T1D-control","beta_major","AKR1C2",0.0231135932840136,0.0768987053176166,"up"
"T1D-control","alpha","CCN2",-0.0643000104904721,0.0760346267896747,"down"
"T1D-control","acinar","TFF3",0.0557349239795447,0.0751153662358786,"up"
"T1D-control","duct_major","HOXB2",0.00295676204537168,0.0749281333166938,"up"
"T1D-control","alpha","SERPINB2",-0.0623625436033605,0.074165809129557,"down"
"T1D-control","beta_major","PTGS2",-0.0741047119758499,0.0741047119877533,"down"
"T1D-control","beta_major","TAC1",0.0737337778381843,0.0737337780235795,"up"
"T1D-control","duct_major","TFF3",-0.0260214790753158,0.073517033935348,"down"
"T1D-control","alpha","DUSP2",-0.0730716579129877,0.073261676086687,"down"
"T1D-control","duct_major","PI3",-0.0647164632338126,0.0731184175628494,"down"
"T1D-control","alpha","C1QB",-0.0706433226352506,0.0731091284151248,"down"
"T1D-control","acinar","NR4A1",-0.0390723786747119,0.0729895080884652,"down"
"T1D-control","alpha","MT1A",0.0513855585436854,0.0728981300396555,"up"
"T1D-control","alpha","FGG",0.061391274817389,0.0726130766066088,"up"
"T1D-control","beta_major","AGXT",0.0721558540254544,0.0721558540697902,"up"
"T1D-control","alpha","IGFBP4",0.0695927246416564,0.0721063674451438,"up"
"T1D-control","duct_major","S100A4",-0.0480217517497665,0.0719735291826968,"down"
"T1D-control","alpha","C1QA",-0.0695185613079483,0.0719551124836402,"down"
"T1D-control","alpha","COL15A1",0.0641593007671732,0.0714305742167107,"up"
"T1D-control","alpha","HAMP",-0.0250595915558338,0.0713424119829195,"down"
"T1D-control","acinar","CXCL5",0.0355255353166193,0.0712412584938842,"up"
"T1D-control","acinar","DLK1",-0.028668626676695,0.0709988874593715,"down"
"T1D-control","duct_major","TYROBP",-0.0590487449463116,0.0706232253893245,"down"
"T1D-control","alpha","DLK1",0.0584424516557326,0.0705826690924333,"up"
"T1D-control","duct_major","C1QB",-0.0557724927228304,0.0704946239522743,"down"
"T1D-control","duct_major","C1QA",-0.0559561378792714,0.0703129861350672,"down"
"T1D-control","alpha","SPON2",0.0635892311457697,0.0700583735397758,"up"
"T1D-control","acinar","HLA-DPA1",-0.00212232881787943,0.0699915971550101,"down"
"T1D-control","alpha","INS",-0.0583041015258516,0.0693168911243531,"down"
"T1D-control","beta_major","CXCL5",0.0575617296030544,0.0691254181236585,"up"
"T1D-control","alpha","MT1E",-0.0243176133342837,0.0688045546517702,"down"
"T1D-control","acinar","IGFBP6",0.0660269936501917,0.0686395070748339,"up"
"T1D-control","acinar","TAGLN",-0.00983069767152668,0.0685535333961395,"down"
"T1D-control","duct_major","FGF19",-0.0304501380092476,0.0683861482086324,"down"
"T1D-control","alpha","IFITM3",0.0555053851616522,0.0682941571790107,"up"
"T1D-control","acinar","MMP3",0.0636636320180281,0.067901383275784,"up"
"T1D-control","duct_major","FBLN1",0.00128333456211419,0.067817338314025,"up"
"T1D-control","acinar","PGF",-0.01151809937633,0.0677347191067996,"down"
"T1D-control","acinar","PI3",-0.0662223879850066,0.0676299765680841,"down"
"T1D-control","acinar","SERPINE1",0.0481521135615777,0.0675560223739384,"up"
"T1D-control","alpha","S100A9",-0.0498335462386569,0.067097624282629,"down"
"T1D-control","duct_major","SAA1",0.0269791266182609,0.0665759867503504,"up"
"T1D-control","acinar","DPT",0.0583909798959394,0.0665387050835265,"up"
"T1D-control","acinar","TFF2",0.0246874390981698,0.0664242894821015,"up"
"T1D-control","alpha","TAGLN",-0.044010460166591,0.0655445734303215,"down"
"T1D-control","acinar","CCL3L3",0.0653299122456873,0.0653299122583097,"up"
"T1D-control","acinar","PTGDS",0.0649771152429097,0.0649771153274248,"up"
"T1D-control","alpha","CCL3",-0.0587071917032379,0.0642705296172012,"down"
"T1D-control","beta_major","TCN1",0.0094945756237133,0.063999853436065,"up"
"T1D-control","alpha","CXCL5",-0.0565876092152618,0.063793796642328,"down"
"T1D-control","duct_major","COL1A2",0.036455395089416,0.0637812246593567,"up"
"T1D-control","beta_major","PGC",0.0628149597890636,0.0636346123856517,"up"
"T1D-control","alpha","NPPB",-0.0579923729005401,0.0635871100250992,"down"
"T1D-control","alpha","HSPA1B",-0.0424758851189429,0.0634335593946068,"down"
"T1D-control","alpha","KRT17",-0.0122445217890846,0.0633675921765227,"down"
"T1D-control","acinar","COL4A1",0.0309798573902594,0.0633454054270979,"up"
"T1D-control","alpha","SERPINE1",0.0608691428003225,0.0632655941464272,"up"
"T1D-control","acinar","CCL4",0.0629508208790651,0.0629508209606487,"up"
"T1D-control","acinar","HMOX1",0.0483358991920654,0.0629170783319295,"up"
"T1D-control","acinar","FABP4",0.0626507599573298,0.0626507599747106,"up"
"T1D-control","beta_major","PTGDS",0.0626234202612308,0.0626234204474453,"up"
"T1D-control","alpha","TNFAIP6",0.0616455939536959,0.0623171540471535,"up"
"T1D-control","duct_major","ISLR",0.0577843626602992,0.0621314923921429,"up"
"T1D-control","alpha","ACTA2",0.0159031627426349,0.0621018242069904,"up"
"T1D-control","alpha","TCN1",-0.0503677977182697,0.0620190113472732,"down"
"T1D-control","beta_major","CSF2",0.0585070871370855,0.0618560433602608,"up"
"T1D-control","alpha","CEACAM6",-0.00168312405287853,0.0616993102201985,"down"
"T1D-control","acinar","TFF1",-0.0199970992514031,0.0616182685816898,"down"
"T1D-control","duct_major","RGCC",0.0537144337178679,0.0614246925509572,"up"
"T1D-control","alpha","CHI3L1",0.0567008987971538,0.0612845101682969,"up"
"T1D-control","beta_major","NDUFA4L2",0.056521566521109,0.0611936416013623,"up"
"T1D-control","acinar","OASL",-0.0590281104142066,0.0611169307668152,"down"
"T1D-control","acinar","TNC",0.0604923571635975,0.0606039234805517,"up"
"T1D-control","acinar","CCL3",-0.000612866488955017,0.0605813287239784,"down"
"T1D-control","duct_major","FCER1G",0.0114981215452844,0.0605229168215158,"up"
"T1D-control","duct_major","HMOX1",-0.00864670652969254,0.0603007496668779,"down"
"T1D-control","acinar","PLAU",-0.0423763241857527,0.0602594880818865,"down"
"T1D-control","duct_major","IGFBP5",-0.0174327293886174,0.0601302239981914,"down"
"T1D-control","acinar","COL1A2",0.0484503246928356,0.0597769550537287,"up"
"T1D-control","acinar","TGFBI",0.0220648300474336,0.0596244082770942,"up"
"T1D-control","acinar","HSPA1B",-0.0210967630845996,0.0595446893427179,"down"
"T1D-control","beta_major","DPT",0.0574286316764343,0.0589768661076489,"up"
"T1D-control","acinar","AGR2",0.0395190876480687,0.0588665684276031,"up"
"T1D-control","alpha","CALCB",0.0588253287805517,0.0588253287898204,"up"
"T1D-control","duct_major","DPT",0.0372641259692027,0.0582504943772032,"up"
"T1D-control","alpha","ANKRD1",0.0554838755057803,0.0581791490297696,"up"
"T1D-control","alpha","APOE",0.0375593697495715,0.0580607324327869,"up"
"T1D-control","acinar","LOXL4",0.0521562592905014,0.0573770115760829,"up"
"T1D-control","beta_major","SCGB3A1",0.057094364590354,0.0570943646856985,"up"
"T1D-control","beta_major","IGFBP4",0.0383062983747023,0.0567145446839447,"up"
"T1D-control","acinar","EGR4",-0.0262312684378869,0.0567065541099151,"down"
"T1D-control","acinar","RRAD",0.0113558925677099,0.0566970076513317,"up"
"T1D-control","alpha","IL24",-0.0566876001504759,0.0566876001662386,"down"
"T1D-control","alpha","FN1",0.0441651533636068,0.0564984239598711,"up"
"T1D-control","duct_major","PECAM1",-0.00750493774007002,0.0564497413251339,"down"
"T1D-control","acinar","CHI3L1",0.00988599465758655,0.0563516932306644,"up"
"T1D-control","alpha","CSF3",-0.0559485321079065,0.0559485321120759,"down"
"T1D-control","beta_major","FABP4",0.0558466955969445,0.0558466958825085,"up"
"T1D-control","beta_major","HSPA6",-0.0450622389000178,0.0557499765125393,"down"
"T1D-control","alpha","TNC",-0.0551046761595913,0.0551847338482386,"down"
"T1D-control","acinar","NPY",-0.039969952621187,0.0550630841231446,"down"
"T1D-control","alpha","RRAD",-0.0395894784365046,0.0549000124445156,"down"
"T1D-control","acinar","CSF3",0.0548201004968129,0.054820100579795,"up"
"T1D-control","duct_major","OASL",0.0115290593902896,0.0547280504959738,"up"
"T1D-control","alpha","MMP3",0.0542883292051976,0.0545918494059016,"up"
"T1D-control","alpha","TFPI2",-0.0127851604033158,0.0542806281067226,"down"
"T1D-control","acinar","SPRR2A",-0.0167840543593204,0.0540749101748236,"down"
"T1D-control","acinar","FCER1G",-0.0299700136757997,0.0539861429617901,"down"
"T1D-control","alpha","TPSAB1",-0.0539473299289054,0.0539473299323891,"down"
"T1D-control","acinar","IL33",0.0536075689686145,0.0536075689792913,"up"
"T1D-control","acinar","ORM2",0.0535852376668357,0.0535852376988165,"up"
"T1D-control","alpha","THY1",0.053569675091493,0.0535718846857834,"up"
"T1D-control","duct_major","TAC1",-0.0535192141136284,0.0535192142008063,"down"
"T1D-control","alpha","ESM1",0.0503136942334519,0.053442085321662,"up"
"T1D-control","beta_major","CYP3A4",0.0531727597512452,0.0534103719083612,"up"
"T1D-control","acinar","TAC1",-0.0531698156867427,0.0531698157028107,"down"
"T1D-control","beta_major","CCL8",0.0531672520009593,0.0531672520827885,"up"
"T1D-control","duct_major","PGC",0.0469640730851965,0.0528945112784619,"up"
"T1D-control","alpha","SPRR2A",0.0196357081656468,0.0522332098911077,"up"
"T1D-control","beta_major","ORM1",0.0490849157949015,0.0514738364432569,"up"
"T1D-control","duct_major","SCGB3A1",-0.0511920742009437,0.0511920743917385,"down"
"T1D-control","alpha","COL4A1",-0.0297845293807986,0.0507777558385887,"down"
"T1D-control","duct_major","TPSB2",0.0496452178472603,0.0505486022315777,"up"
"T1D-control","acinar","ACTA2",-0.0283792310186655,0.050264200559199,"down"
"T1D-control","alpha","SHISAL2B",0.00644934796552626,0.0496271837061214,"up"
"T1D-control","alpha","MMP1",0.0484089189134988,0.0487525248250879,"up"
"T1D-control","alpha","TGFBI",0.039776609657715,0.0481788747401299,"up"
"T1D-control","beta_major","SAA2",-0.0479855673568184,0.0479855673802594,"down"
"T1D-control","acinar","SRGN",0.0477936767670527,0.0478466414061981,"up"
"T1D-control","duct_major","C1QC",-0.0385961766978103,0.047678894748614,"down"
"T1D-control","duct_major","FABP3",0.0473300818303187,0.0473300818436422,"up"
"T1D-control","alpha","FGB",0.0473210874900325,0.0473210874965419,"up"
"T1D-control","acinar","CRLF1",0.0472999256165555,0.0472999256290481,"up"
"T1D-control","beta_major","C1QC",0.0444296892993016,0.0472167776664562,"up"
"T1D-control","alpha","DCN",-0.00329467007135614,0.0465438113889267,"down"
"T1D-control","beta_major","CCL4",-0.0465137149555345,0.0465137149932657,"down"
"T1D-control","alpha","CP",0.0194295083017944,0.0462833939052168,"up"
"T1D-control","acinar","BIRC5",-0.00571647896791431,0.0462514358701604,"down"
"T1D-control","alpha","HSPA6",-0.0450759216178317,0.0460643055118063,"down"
"T1D-control","alpha","SFRP2",0.0377329967671515,0.0458548349193502,"up"
"T1D-control","acinar","THY1",-0.0457610890464553,0.0457624313141639,"down"
"T1D-control","alpha","UBE2C",0.0456787287427954,0.0456787287524802,"up"
"T1D-control","acinar","FGF19",-0.00195377706173784,0.0453712494822852,"down"
"T1D-control","alpha","LCN2",0.0191027603969405,0.0448719643480165,"up"
"T1D-control","duct_major","PTGS2",0.0448139703174915,0.0448139703567575,"up"
"T1D-control","duct_major","CXCL14",0.0447364870935335,0.0447364872060802,"up"
"T1D-control","alpha","TOP2A",0.0447093694076078,0.0447093694166932,"up"
"T1D-control","alpha","PAEP",0.0443777572178476,0.0443777572187107,"up"
"T1D-control","alpha","MKI67",0.044283856788419,0.0442838567964561,"up"
"T1D-control","beta_major","CENPF",0.0437362711728138,0.0437526735227369,"up"
"T1D-control","alpha","TFF3",-0.0373354972520479,0.0431148611155643,"down"
"T1D-control","duct_major","CENPF",0.04296263897452,0.0430579612498452,"up"
"T1D-control","duct_major","CCL4",0.0430480891865493,0.0430480898495127,"up"
"T1D-control","duct_major","FABP4",0.0428231212798614,0.042823121645676,"up"
"T1D-control","alpha","THBS4",0.042633435081102,0.0426334350826126,"up"
"T1D-control","duct_major","CFD",-0.0376600950271672,0.0423672933622365,"down"
"T1D-control","duct_major","CCL8",0.0423536809404893,0.0423536810330137,"up"
"T1D-control","acinar","C1QB",-0.0246230594102177,0.042229530697822,"down"
"T1D-control","duct_major","CCL19",0.0330309169854175,0.0422010727262777,"up"
"T1D-control","alpha","MAFA",-0.0269472740296965,0.0413995223020583,"down"
"T1D-control","acinar","PLVAP",0.0406324311097266,0.0409190121336679,"up"
"T1D-control","acinar","MAFA",0.029276349714545,0.0405782305860625,"up"
"T1D-control","alpha","PI3",-0.0393470239182609,0.0404515259939562,"down"
"T1D-control","beta_major","KRTAP21-2",-0.0401912625416042,0.0401912625831999,"down"
"T1D-control","alpha","KRT8",-0.00330400450266886,0.0401100036302242,"down"
"T1D-control","alpha","PGF",0.0131217400313795,0.0400924283034686,"up"
"T1D-control","duct_major","CYP2E1",-0.00610652708978417,0.0400404028788317,"down"
"T1D-control","acinar","AGXT",0.0399528346349787,0.0399528346825502,"up"
"T1D-control","acinar","ORM1",0.0158247259786612,0.0399414531399589,"up"
"T1D-control","alpha","FABP4",0.0396926391885999,0.0396926392301395,"up"
"T1D-control","duct_major","CRLF1",0.0395464891163276,0.0395464893282164,"up"
"T1D-control","beta_major","TPSB2",0.0392287207454734,0.0394027999444905,"up"
"T1D-control","beta_major","RGCC",-0.00137040788454851,0.0388823262214815,"down"
"T1D-control","alpha","IGFBP6",-0.0319183601670846,0.0386420437578323,"down"
"T1D-control","duct_major","CCL11",0.0386035013387852,0.0386035014320101,"up"
"T1D-control","alpha","TFF2",-0.0308363646336391,0.0384433663610824,"down"
"T1D-control","alpha","SRGN",-0.0381836427597494,0.0382038996522822,"down"
"T1D-control","alpha","S100A4",-0.0354223064251466,0.0377713187724994,"down"
"T1D-control","alpha","ARC",-0.0368911884382899,0.0376321566063081,"down"
"T1D-control","beta_major","CCL26",-0.0376174542461446,0.0376174542890376,"down"
"T1D-control","acinar","PECAM1",-0.0181984418486686,0.0375484883343112,"down"
"T1D-control","beta_major","COMP",0.0373962607014383,0.0373962608523139,"up"
"T1D-control","alpha","PGC",0.0363050784651499,0.0366997790248079,"up"
"T1D-control","alpha","MSMB",0.0361603368981666,0.0365314801339746,"up"
"T1D-control","beta_major","THBS4",0.0364376423875412,0.0364376423976744,"up"
"T1D-control","duct_major","MMP12",0.0360826067952897,0.036082606914998,"up"
"T1D-control","acinar","FGB",0.0359859316268239,0.0359859316999232,"up"
"T1D-control","duct_major","ARC",-0.00731708960073311,0.0359081391458622,"down"
"T1D-control","acinar","IL1B",-0.0308624102723375,0.0356812286390205,"down"
"T1D-control","acinar","C7",0.00566608900991558,0.0351555014951766,"up"
"T1D-control","acinar","IGFBP5",-0.0100675185164273,0.0350282607206765,"down"
"T1D-control","alpha","SAA1",0.0311494118135612,0.0348314001467403,"up"
"T1D-control","acinar","C1QA",-0.00867376396868309,0.0348027477172496,"down"
"T1D-control","alpha","CCL7",-0.0045742990601992,0.0346930191049453,"down"
"T1D-control","duct_major","MMP3",-0.0116318411229411,0.0346733094303046,"down"
"T1D-control","alpha","HOXB2",-0.00470722441456111,0.0345636270778605,"down"
"T1D-control","duct_major","MMP9",0.0286118475961955,0.0344153192239745,"up"
"T1D-control","alpha","IGFBP5",0.0300090008806637,0.0343973824940026,"up"
"T1D-control","alpha","SOCS3",0.0299521193175386,0.0341285357399095,"up"
"T1D-control","alpha","CGA",-0.0284484398874637,0.0340660739847645,"down"
"T1D-control","beta_major","CXCL14",0.0337569539820489,0.0337569541044381,"up"
"T1D-control","duct_major","CGA",-0.00878129625967085,0.0334170879325707,"down"
"T1D-control","alpha","CCL5",0.0329481532767193,0.0330735424953515,"up"
"T1D-control","alpha","CCL11",0.0324561941009448,0.0324561941131446,"up"
"T1D-control","beta_major","CLDN5",0.0320653189416115,0.0324179028698327,"up"
"T1D-control","alpha","MMP9",-0.0309654903747502,0.0317247213507663,"down"
"T1D-control","alpha","LUM",0.00941333833175489,0.0316993587521072,"up"
"T1D-control","alpha","IL6",0.0228613581510004,0.0315049647976529,"up"
"T1D-control","alpha","AGR2",0.0277667623496943,0.0311667130854802,"up"
"T1D-control","alpha","S100A8",-0.0305380789511399,0.0305381005133532,"down"
"T1D-control","acinar","GEM",0.0300827316776259,0.030387609295301,"up"
"T1D-control","duct_major","PDGFRB",0.00302684908300666,0.0303867779786303,"up"
"T1D-control","acinar","RGCC",0.0274161887316557,0.0300925792723746,"up"
"T1D-control","acinar","TYROBP",0.0121105153844558,0.0300584345228483,"up"
"T1D-control","beta_major","TOP2A",0.0295099468851793,0.0295099470634588,"up"
"T1D-control","beta_major","MKI67",0.0289740565329555,0.0289740566968684,"up"
"T1D-control","duct_major","HSPA6",-0.00872135705252398,0.0287820563887149,"down"
"T1D-control","duct_major","DUSP2",0.0192844479349387,0.0284964761730854,"up"
"T1D-control","beta_major","UBE2C",0.0281501491811965,0.0281501493760473,"up"
"T1D-control","beta_major","PAEP",0.0278926928776835,0.0278926928983752,"up"
"T1D-control","acinar","MSMB",0.0268580126227621,0.0278076285570967,"up"
"T1D-control","acinar","S100A8",0.0275281463097126,0.0275282417573572,"up"
"T1D-control","alpha","IL17C",-0.0258464858405247,0.0272862284665691,"down"
"T1D-control","alpha","TYROBP",-0.0191326090013913,0.0272784312783718,"down"
"T1D-control","beta_major","CCL19",0.0247601655302284,0.0264236852448976,"up"
"T1D-control","beta_major","CSF3",0.0260145081858535,0.0260145082207611,"up"
"T1D-control","beta_major","FGB",0.0256997313788259,0.0256997315357664,"up"
"T1D-control","acinar","IL6",0.00852417749927455,0.0255063030004386,"up"
"T1D-control","beta_major","IL17C",0.0156749742442587,0.0247161585328991,"up"
"T1D-control","alpha","SCGB3A1",-0.0239539988244031,0.0239539988667792,"down"
"T1D-control","alpha","C7",-0.0132995637065816,0.023589968467672,"down"
"T1D-control","acinar","C1QC",0.00795244524638901,0.0229649161587315,"up"
"T1D-control","acinar","HSPA6",0.0178142846197613,0.0226802006003641,"up"
"T1D-control","duct_major","SRGN",0.0221597088097801,0.0224119827833304,"up"
"T1D-control","duct_major","MSMB",0.00654827678412722,0.0222828690766752,"up"
"T1D-control","acinar","ANKRD1",-0.00764376588717741,0.0221477772255695,"down"
"T1D-control","acinar","SLC2A2",0.0195430803515401,0.0217124136728634,"up"
"T1D-control","duct_major","CYP3A4",-0.00986922542728097,0.0213477763380374,"down"
"T1D-control","acinar","ESM1",-0.00102713161575795,0.021166019866112,"down"
"T1D-control","beta_major","FABP3",0.0211627413209368,0.0211627413520594,"up"
"T1D-control","alpha","MUC1",0.0204325736268846,0.0211459504761747,"up"
"T1D-control","acinar","IL1A",0.0184762462342928,0.0207617073066343,"up"
"T1D-control","alpha","FGF19",0.0141563207187743,0.0206095115941225,"up"
"T1D-control","acinar","CCL5",0.0194609815474663,0.0205468713712842,"up"
"T1D-control","duct_major","S100A8",-0.0205324362694348,0.0205327062153152,"down"
"T1D-control","acinar","PCSK1",-0.00826037814601429,0.0204595809308082,"down"
"T1D-control","acinar","CCL11",0.0202977109643103,0.0202977110251096,"up"
"T1D-control","acinar","UCN",0.0167952416119944,0.0196235938033646,"up"
"T1D-control","alpha","NDUFA4L2",0.0177801656711468,0.0193182928786805,"up"
"T1D-control","alpha","RGCC",-0.0145836767631574,0.0188962674620882,"down"
"T1D-control","alpha","TFF1",0.0129603977537685,0.0186912422171177,"up"
"T1D-control","duct_major","PYY",-0.0185535420496221,0.0186724776431097,"down"
"T1D-control","alpha","MMP12",-0.0186543185280149,0.0186543185508095,"down"
"T1D-control","beta_major","MMP3",0.013529101142824,0.0186450125341406,"up"
"T1D-control","alpha","LST1",-0.018605875332816,0.0186252733813221,"down"
"T1D-control","alpha","SOX18",-0.018605875332816,0.0186252733813221,"down"
"T1D-control","alpha","IL1B",-0.0114805297197844,0.0178180039926591,"down"
"T1D-control","beta_major","TPSAB1",0.0174341830553965,0.0174341831482556,"up"
"T1D-control","alpha","OASL",-0.0133649714470145,0.0173290319962541,"down"
"T1D-control","alpha","CRLF1",-0.0170473475680318,0.0170473476393374,"down"
"T1D-control","acinar","LST1",0.0169437651909801,0.0170325192795526,"up"
"T1D-control","acinar","SOX18",0.0169437651909801,0.0170325192795526,"up"
"T1D-control","acinar","PI15",0.0166682486805388,0.0166682486941117,"up"
"T1D-control","alpha","SLC2A2",-0.0144297984039503,0.0166610665798671,"down"
"T1D-control","alpha","CYP1B1",-0.0140978918295585,0.016468702495395,"down"
"T1D-control","alpha","CCL19",-0.0153113342637932,0.0163592245500736,"down"
"T1D-control","beta_major","IL33",0.015877353491422,0.0158773536049392,"up"
"T1D-control","beta_major","ORM2",0.0157269301812856,0.0157269302004573,"up"
"T1D-control","beta_major","ISLR",4.29166166530477e-05,0.0155428952112733,"up"
"T1D-control","acinar","CGA",-0.012402964267886,0.0147326605570945,"down"
"T1D-control","alpha","PI15",-0.0142063642784713,0.0142063642938079,"down"
"T1D-control","alpha","FBLN1",0.00230360477808759,0.0141711181447233,"up"
"T1D-control","acinar","MMP9",0.00475948198251612,0.0141135878475496,"up"
"T1D-control","alpha","ORM1",-0.00695814497287046,0.0137448789913387,"down"
"T1D-control","alpha","PTGDS",-0.0132930128540443,0.0132930129194431,"down"
"T1D-control","alpha","CCL3L3",-0.0128466316133643,0.0128466316367788,"down"
"T1D-control","acinar","CCL19",0.0101545646062681,0.0127148626507902,"up"
"T1D-control","duct_major","LST1",-0.0124427325172105,0.0126625609544975,"down"
"T1D-control","duct_major","SOX18",-0.0124427325172105,0.0126625609544975,"down"
"T1D-control","alpha","MMP10",0.00313461267419722,0.0122694939933063,"up"
"T1D-control","alpha","IL1A",-0.0102720591497947,0.0122022876564443,"down"
"T1D-control","acinar","ARC",-0.00347582482779779,0.0120771524603669,"down"
"T1D-control","acinar","DUSP2",-0.00171489427979575,0.0116838577647186,"down"
"T1D-control","duct_major","FGB",0.0115647046422415,0.0115647051588511,"up"
"T1D-control","acinar","MMP12",0.0115328342593407,0.0115328344968572,"up"
"T1D-control","alpha","CCL8",-0.0114938980603274,0.0114938980956604,"down"
"T1D-control","alpha","CCL4",-0.0113764176347299,0.0113764177271484,"down"
"T1D-control","alpha","UCN",-1.2193048440329e-05,0.0099501222344099,"down"
"T1D-control","alpha","CSF2",-0.00716580663738449,0.00961154872317104,"down"
"T1D-control","duct_major","PI15",-0.00954277192026625,0.00954277215304234,"down"
"T1D-control","duct_major","AGXT",-0.00948765111851716,0.00948765183141227,"down"
"T1D-control","alpha","DPT",-0.00591114618420629,0.0094516103990774,"down"
"T1D-control","acinar","SCGB3A1",0.00928781465230949,0.00928781472741457,"up"
"T1D-control","alpha","CYP3A4",-0.00855616586810267,0.00915090397488228,"down"
"T1D-control","acinar","CCL8",0.00879814123888291,0.00879814128405069,"up"
"T1D-control","acinar","CALCB",-0.00863595722855182,0.00863595730444129,"down"
"T1D-control","duct_major","PTGDS",-0.00827977843727412,0.00827977987873071,"down"
"T1D-control","alpha","PTGS2",-0.00821431387049897,0.00821431388467869,"down"
"T1D-control","duct_major","CCL3L3",-0.00817492178516851,0.00817492193475021,"down"
"T1D-control","acinar","COMP",0.00803308743098473,0.00803308763725079,"up"
"T1D-control","alpha","COMP",-0.00779196454630491,0.00779196461442276,"down"
"T1D-control","alpha","CXCL14",-0.00736380758072102,0.00736380765768367,"down"
"T1D-control","acinar","THBS4",0.00728139421714894,0.00728139427875326,"up"
"T1D-control","acinar","PYY",0.00717139591203029,0.00722822612356169,"up"
"T1D-control","acinar","CSF2",-0.000896147675998753,0.00715777234414886,"down"
"T1D-control","acinar","KDR",0.00691312142946321,0.00691312144229073,"up"
"T1D-control","alpha","CYP2E1",-0.00144764188695662,0.00679236741656638,"down"
"T1D-control","acinar","PTGS2",0.00654378534285986,0.00654378542755764,"up"
"T1D-control","alpha","C1QC",-0.00121955020706239,0.00652514129280618,"down"
"T1D-control","duct_major","TOP2A",-0.00616565267503484,0.00616565325713166,"down"
"T1D-control","duct_major","UBE2C",-0.00601876440926829,0.00601876513381764,"down"
"T1D-control","duct_major","CLDN5",-0.00475508856087514,0.00568965596251402,"down"
"T1D-control","acinar","TPSB2",0.00457252904641203,0.00558746447445924,"up"
"T1D-control","duct_major","KDR",-0.00543630570457477,0.00543630586678387,"down"
"T1D-control","duct_major","MKI67",-0.00525997755328887,0.0052599780253681,"down"
"T1D-control","duct_major","THBS4",-0.00504098886755008,0.00504098891695975,"down"
"T1D-control","duct_major","COMP",-0.00501277140058554,0.00501277247883932,"down"
"T1D-control","acinar","IL24",0.00481047366877683,0.00481047481950034,"up"
"T1D-control","acinar","CLDN5",0.00460702247655403,0.00478127519710312,"up"
"T1D-control","alpha","TPSB2",-0.0041948243324373,0.00467435019442085,"down"
"T1D-control","duct_major","PAEP",-0.00462823200880563,0.00462823207946138,"down"
"T1D-control","acinar","CXCL14",0.00461403240938331,0.00461403263709751,"up"
"T1D-control","duct_major","IL24",-0.00444718121833957,0.00444718323776216,"down"
"T1D-control","alpha","FABP3",-0.00444420173844614,0.00444420175402421,"down"
"T1D-control","acinar","FABP3",0.00420412098729262,0.00420412099776505,"up"
"T1D-control","duct_major","THY1",-0.0040369559610386,0.00415343682831418,"down"
"T1D-control","acinar","PAEP",0.00411895406646131,0.00411895407274582,"up"
"T1D-control","duct_major","CSF3",-0.00405325140811293,0.00405325284986289,"down"
"T1D-control","alpha","CCL26",-0.00383003683072676,0.00383003688048879,"down"
"T1D-control","acinar","CCL26",0.00367456432091565,0.00367456443783539,"up"
"T1D-control","acinar","MKI67",0.00363829023267841,0.00363829035618124,"up"
"T1D-control","acinar","TPSAB1",0.00356661176875395,0.00356661190650841,"up"
"T1D-control","acinar","CENPF",0.00320552100356173,0.00348838034447392,"up"
"T1D-control","acinar","KRTAP21-2",0.00333997136413341,0.0033399715126993,"up"
"T1D-control","alpha","IL33",-0.00329163315689481,0.00329163329062242,"down"
"T1D-control","alpha","KRTAP21-2",-0.00328437838234769,0.00328437843984243,"down"
"T1D-control","alpha","ORM2",-0.00325875100556166,0.00325875103788112,"down"
"T1D-control","acinar","TOP2A",0.00259856031785972,0.00259856048768679,"up"
"T1D-control","duct_major","CCL26",-0.00252105263764743,0.00252105334640998,"down"
"T1D-control","duct_major","TPSAB1",-0.00237929033156118,0.00237929053467734,"down"
"T1D-control","duct_major","IL33",-0.00212712167043763,0.00212712393914233,"down"
"T1D-control","duct_major","KRTAP21-2",-0.00212331399840419,0.0021233148237046,"down"
"T1D-control","duct_major","ORM2",-0.00210331598179561,0.0021033169019546,"down"
"T1D-control","acinar","UBE2C",0.00183352445921998,0.00183352469401358,"up"
"T1D-control","acinar","SAA2",0.00183200433615101,0.00183200437930802,"up"
"T1D-control","alpha","SAA2",-0.00158957218836685,0.00158957225087377,"down"
"T1D-control","duct_major","SAA2",-0.000994279333752056,0.000994280177022846,"down"
"T1D-control","beta_major","POSTN",0.000102984010866736,0.000102984010906681,"up"
"T1D-control","beta_major","PLA2G2A",0.000102984010866736,0.000102984010906681,"up"
"T1D-control","beta_major","PGA5",0.000102984010866736,0.000102984010906681,"up"
"T1D-control","beta_major","FCN3",0.000102984010866736,0.000102984010906681,"up"
"T1D-control","acinar","POSTN",2.32699614469275e-05,2.3269961464022e-05,"up"
"T1D-control","acinar","PLA2G2A",2.32699614469275e-05,2.3269961464022e-05,"up"
"T1D-control","acinar","PGA5",2.32699614469275e-05,2.3269961464022e-05,"up"
"T1D-control","acinar","FCN3",2.32699614469275e-05,2.3269961464022e-05,"up"
"T1D-control","alpha","POSTN",-2.18647779841076e-05,2.1864778001435e-05,"down"
"T1D-control","alpha","PLA2G2A",-2.18647779841076e-05,2.1864778001435e-05,"down"
"T1D-control","alpha","PGA5",-2.18647779841076e-05,2.1864778001435e-05,"down"
"T1D-control","alpha","FCN3",-2.18647779841076e-05,2.1864778001435e-05,"down"
"T1D-control","duct_major","POSTN",-1.5367543703754e-05,1.5367543935181e-05,"down"
"T1D-control","duct_major","PLA2G2A",-1.5367543703754e-05,1.5367543935181e-05,"down"
"T1D-control","duct_major","PGA5",-1.5367543703754e-05,1.5367543935181e-05,"down"
"T1D-control","duct_major","FCN3",-1.5367543703754e-05,1.5367543935181e-05,"down"
